$ 1 0.000005 10.20027730826997 50 5 50 5e-11
t 224 160 224 192 0 1 0.6031879251059981 0.6336756001682362 100 default
t 336 128 336 160 0 1 -0.0004947163448438784 0.029992958717394293 100 default
w 208 192 208 224 0
162 448 160 352 160 2 default-led 1 0 0 0.01
r 448 160 448 64 0 2000
162 272 128 336 128 2 default-led 1 0 0 0.01
162 144 160 224 160 2 default-led 1 0 0 0.01
s 144 160 112 160 0 0 false
s 272 128 224 128 0 1 false
r 224 128 224 64 0 2000
r 112 160 112 64 0 2000
v 48 224 48 64 0 0 40 5 0 0 0.5
w 48 64 112 64 0
w 112 64 224 64 0
w 224 64 448 64 0
w 48 224 208 224 0
w 320 160 320 224 0
w 320 224 208 224 0
w 240 192 352 192 0
w 352 160 352 192 0
