$ 1 0.000005 10.20027730826997 50 5 50 5e-11
t 240 192 240 240 0 1 -1.4231724415167688 0.1895411381334546 100 default
t 384 176 384 208 0 1 -1.4231726184277258 0.1895409612224977 100 default
w 256 240 400 240 0
w 400 208 400 240 0
w 224 240 224 256 0
w 224 256 368 256 0
w 368 208 368 256 0
w 400 240 400 288 0
162 400 288 224 288 2 default-led 1 0 0 0.01
w 224 256 224 288 0
w 400 240 448 240 0
r 448 240 448 64 0 2000
162 384 128 384 176 2 default-led 1 0 0 0.01
162 240 144 240 192 2 default-led 1 0 0 0.01
s 384 128 352 128 0 1 false
s 240 144 208 144 0 1 false
r 208 144 208 64 0 2000
r 352 128 352 64 0 2000
v 96 288 96 64 0 0 40 5 0 0 0.5
w 96 64 208 64 0
w 208 64 352 64 0
w 352 64 448 64 0
w 224 288 96 288 0
