$ 1 0.000005 10.20027730826997 50 5 50 5e-11
t 160 288 160 320 0 1 0.6021350959220794 0.6519274934949001 100 default
t 240 288 240 320 0 1 0.6019696964721757 0.6475639881398393 100 default
w 176 320 224 320 0
t 304 320 304 352 0 1 -0.5165163873742653 0.09538668924048428 100 default
w 256 320 304 320 0
t 416 272 416 304 0 1 -0.915357210759186 0.08545330909791038 100 default
t 496 256 496 288 0 1 -0.9607861029769459 0.04002441688015046 100 default
w 432 304 512 304 0
w 512 288 512 304 0
w 480 288 480 320 0
w 400 304 400 320 0
w 400 320 480 320 0
w 400 320 400 352 0
w 320 352 400 352 0
162 240 192 240 256 2 default-led 1 0 0 0.01
162 160 160 160 224 2 default-led 1 0 0 0.01
s 240 192 288 192 0 0 false
s 160 160 208 160 0 0 false
r 208 160 208 80 0 2000
r 288 192 288 80 0 2000
w 240 256 416 256 0
w 416 272 416 256 0
w 240 256 240 288 0
w 160 224 160 288 0
w 160 288 352 288 0
w 352 288 352 224 0
w 352 224 496 224 0
w 496 224 496 256 0
r 592 288 592 80 0 2000
v 16 352 16 80 0 0 40 5 0 0 0.5
w 16 80 208 80 0
w 208 80 288 80 0
w 288 352 144 352 0
w 144 320 144 352 0
w 144 352 16 352 0
r 384 80 384 160 0 1000
w 288 80 384 80 0
w 384 80 592 80 0
w 304 320 304 160 0
w 304 160 384 160 0
w 592 288 512 288 0
w 288 352 288 400 0
w 592 288 592 400 0
162 592 400 288 400 2 default-led 1 0 0 0.01
