$ 1 0.000005 10.20027730826997 50 5 50 5e-11
t 288 208 288 240 0 1 0.620022574939953 0.6577266076165118 100 default
t 368 208 368 240 0 1 0.6199933888489495 0.650607130972506 100 default
w 304 240 352 240 0
162 464 240 384 240 2 default-led 1 0 0 0.01
r 464 240 464 64 0 1000
162 368 128 368 208 2 default-led 1 0 0 0.01
162 288 160 288 208 2 default-led 1 0 0 0.01
s 288 160 224 160 0 0 false
s 368 128 304 128 0 0 false
r 304 128 304 64 0 1000
r 224 160 224 64 0 1000
v 96 240 96 64 0 0 40 5 0 0 0.5
w 96 64 224 64 0
w 224 64 304 64 0
w 304 64 464 64 0
w 272 240 96 240 0
