$ 1 0.000005 10.20027730826997 50 5 50 5e-11
t 208 176 208 208 0 1 0.6026849233414286 0.6438201835377632 100 default
t 320 176 320 208 0 1 0.6026224165808546 0.6376505260449286 100 default
w 224 208 304 208 0
r 400 208 400 48 0 2000
162 320 112 320 176 2 default-led 1 0 0 0.01
162 208 128 208 176 2 default-led 1 0 0 0.01
s 320 112 272 112 0 0 false
s 208 128 160 128 0 0 false
r 160 128 160 48 0 2000
r 272 112 272 48 0 2000
w 336 208 400 208 0
162 400 208 400 256 2 default-led 1 0 0 0.01
v 48 256 48 48 0 0 40 5 0 0 0.5
w 48 48 160 48 0
w 160 48 272 48 0
w 272 48 400 48 0
w 192 208 192 256 0
w 48 256 192 256 0
w 192 256 400 256 0
